
========================================
Kanton: ZH
========================================
 	o3	pm10	no2
1990	NA	NA	32.14
1991	NA	NA	31.28
1992	264.22	NA	24.76
1993	264.22	NA	23.36
1994	264.22	NA	22.90
1995	NA	NA	22.46
1996	NA	NA	23.55
1997	NA	NA	22.43
1998	309.06	22.40	21.91
1999	309.06	23.36	21.98
2000	309.06	20.83	25.15
2001	NA	20.67	24.86
2002	NA	23.79	24.70
2003	NA	22.96	25.84
2004	322.50	21.06	24.66
2005	322.50	22.01	25.14
2006	322.50	22.41	25.34
2007	NA	20.30	24.19

========================================
Kanton: BE
========================================
 	o3	pm10	no2
1990	NA	NA	19.33
1991	NA	NA	19.60
1992	282.25	NA	18.19
1993	282.25	NA	17.39
1994	282.25	NA	15.96
1995	NA	NA	15.63
1996	NA	NA	16.81
1997	NA	NA	15.57
1998	319.93	19.42	15.20
1999	319.93	17.61	14.90
2000	319.93	16.26	13.95
2001	NA	16.00	12.72
2002	NA	16.88	13.15
2003	NA	19.98	13.85
2004	338.02	16.61	12.26
2005	338.02	16.79	12.60
2006	338.02	18.90	12.69
2007	NA	15.02	11.82

========================================
Kanton: ZH
========================================
 	o3	pm10	no2
1990	NA	NA	32.14
1991	NA	NA	31.28
1992	264.22	NA	24.76
1993	264.22	NA	23.36
1994	264.22	NA	22.90
1995	NA	NA	22.46
1996	NA	NA	23.55
1997	NA	NA	22.43
1998	309.06	22.40	21.91
1999	309.06	23.36	21.98
2000	309.06	20.83	25.15
2001	NA	20.67	24.86
2002	NA	23.79	24.70
2003	NA	22.96	25.84
2004	322.50	21.06	24.66
2005	322.50	22.01	25.14
2006	322.50	22.41	25.34
2007	NA	20.30	24.19

========================================
Kanton: BL
========================================
 	o3	pm10	no2
1990	NA	NA	32.76
1991	NA	NA	32.28
1992	289.84	NA	28.51
1993	289.84	NA	26.85
1994	289.84	NA	26.14
1995	NA	NA	26.09
1996	NA	NA	26.34
1997	NA	NA	24.93
1998	272.11	23.74	25.29
1999	272.11	22.14	24.97
2000	272.11	18.49	21.35
2001	NA	18.95	20.59
2002	NA	21.74	20.78
2003	NA	24.93	24.91
2004	289.50	21.08	20.10
2005	289.50	21.03	20.05
2006	289.50	22.63	20.22
2007	NA	18.95	19.46

========================================
Kanton: ZH
========================================
 	o3	pm10	no2
1990	NA	NA	32.14
1991	NA	NA	31.28
1992	264.22	NA	24.76
1993	264.22	NA	23.36
1994	264.22	NA	22.90
1995	NA	NA	22.46
1996	NA	NA	23.55
1997	NA	NA	22.43
1998	309.06	22.40	21.91
1999	309.06	23.36	21.98
2000	309.06	20.83	25.15
2001	NA	20.67	24.86
2002	NA	23.79	24.70
2003	NA	22.96	25.84
2004	322.50	21.06	24.66
2005	322.50	22.01	25.14
2006	322.50	22.41	25.34
2007	NA	20.30	24.19

========================================
Kanton: BE
========================================
 	o3	pm10	no2
1990	NA	NA	19.33
1991	NA	NA	19.60
1992	282.25	NA	18.19
1993	282.25	NA	17.39
1994	282.25	NA	15.96
1995	NA	NA	15.63
1996	NA	NA	16.81
1997	NA	NA	15.57
1998	319.93	19.42	15.20
1999	319.93	17.61	14.90
2000	319.93	16.26	13.95
2001	NA	16.00	12.72
2002	NA	16.88	13.15
2003	NA	19.98	13.85
2004	338.02	16.61	12.26
2005	338.02	16.79	12.60
2006	338.02	18.90	12.69
2007	NA	15.02	11.82

========================================
Kanton: UR
========================================
 	o3	pm10	no2
1990	NA	NA	2.50
1991	NA	NA	2.50
1992	150.00	NA	2.50
1993	150.00	NA	2.50
1994	150.00	NA	2.50
1995	NA	NA	2.50
1996	NA	NA	2.50
1997	NA	NA	2.50
1998	350.00	7.50	2.50
1999	350.00	7.50	2.50
2000	350.00	7.50	2.50
2001	NA	7.50	2.50
2002	NA	7.50	2.50
2003	NA	7.50	2.50
2004	250.00	7.50	2.50
2005	250.00	7.50	2.50
2006	250.00	7.50	2.50
2007	NA	7.50	2.50

========================================
Kanton: SZ
========================================
 	o3	pm10	no2
1990	NA	NA	22.32
1991	NA	NA	22.32
1992	230.72	NA	19.27
1993	230.72	NA	17.93
1994	230.72	NA	17.11
1995	NA	NA	16.50
1996	NA	NA	17.76
1997	NA	NA	17.11
1998	341.42	16.58	16.50
1999	341.42	16.16	16.54
2000	341.42	16.16	14.81
2001	NA	15.51	14.60
2002	NA	16.37	14.60
2003	NA	19.63	15.95
2004	341.41	15.82	14.60
2005	341.41	16.16	14.81
2006	341.41	16.58	14.81
2007	NA	15.07	14.12

========================================
Kanton: GL
========================================
 	o3	pm10	no2
1990	NA	NA	12.94
1991	NA	NA	12.94
1992	283.04	NA	11.90
1993	283.04	NA	11.51
1994	283.04	NA	10.59
1995	NA	NA	10.45
1996	NA	NA	11.84
1997	NA	NA	10.59
1998	376.98	14.92	9.92
1999	376.98	13.61	9.92
2000	376.98	13.51	9.66
2001	NA	13.36	9.52
2002	NA	14.12	9.61
2003	NA	17.04	9.92
2004	302.97	13.01	9.61
2005	302.97	13.36	9.66
2006	302.97	14.92	9.92
2007	NA	12.68	9.61

========================================
Kanton: FR
========================================
 	o3	pm10	no2
1990	NA	NA	15.92
1991	NA	NA	16.29
1992	282.71	NA	15.63
1993	282.71	NA	14.89
1994	282.71	NA	13.21
1995	NA	NA	13.05
1996	NA	NA	14.55
1997	NA	NA	13.73
1998	359.16	17.51	12.81
1999	359.16	16.43	12.24
2000	359.16	15.51	11.92
2001	NA	15.37	11.71
2002	NA	16.39	11.92
2003	NA	19.41	12.11
2004	285.68	16.11	11.28
2005	285.68	16.14	12.03
2006	285.68	17.39	12.08
2007	NA	14.71	11.14

========================================
Kanton: SO
========================================
 	o3	pm10	no2
1990	NA	NA	19.52
1991	NA	NA	19.94
1992	375.70	NA	18.43
1993	375.70	NA	18.31
1994	375.70	NA	15.53
1995	NA	NA	15.53
1996	NA	NA	15.99
1997	NA	NA	15.53
1998	435.11	18.94	15.02
1999	435.11	17.62	14.48
2000	435.11	17.36	12.18
2001	NA	17.39	12.10
2002	NA	17.62	12.18
2003	NA	21.99	14.31
2004	441.62	17.50	12.10
2005	441.62	17.50	11.98
2006	441.62	18.94	12.10
2007	NA	17.28	11.02

========================================
Kanton: BS
========================================
 	o3	pm10	no2
1990	NA	NA	34.00
1991	NA	NA	39.50
1992	180.00	NA	25.00
1993	180.00	NA	26.00
1994	180.00	NA	29.00
1995	NA	NA	26.50
1996	NA	NA	24.50
1997	NA	NA	24.00
1998	170.00	25.00	28.00
1999	170.00	25.50	32.50
2000	170.00	22.50	35.50
2001	NA	22.50	35.50
2002	NA	27.00	35.50
2003	NA	18.00	28.00
2004	190.00	24.50	35.50
2005	190.00	25.50	34.00
2006	190.00	25.50	32.00
2007	NA	22.50	30.50

========================================
Kanton: BL
========================================
 	o3	pm10	no2
1990	NA	NA	32.76
1991	NA	NA	32.28
1992	289.84	NA	28.51
1993	289.84	NA	26.85
1994	289.84	NA	26.14
1995	NA	NA	26.09
1996	NA	NA	26.34
1997	NA	NA	24.93
1998	272.11	23.74	25.29
1999	272.11	22.14	24.97
2000	272.11	18.49	21.35
2001	NA	18.95	20.59
2002	NA	21.74	20.78
2003	NA	24.93	24.91
2004	289.50	21.08	20.10
2005	289.50	21.03	20.05
2006	289.50	22.63	20.22
2007	NA	18.95	19.46

========================================
Kanton: SH
========================================
 	o3	pm10	no2
1990	NA	NA	21.39
1991	NA	NA	23.62
1992	321.89	NA	17.41
1993	321.89	NA	16.76
1994	321.89	NA	16.64
1995	NA	NA	16.94
1996	NA	NA	17.06
1997	NA	NA	16.64
1998	402.23	17.60	16.64
1999	402.23	15.96	16.47
2000	402.23	15.38	14.31
2001	NA	15.42	14.19
2002	NA	15.83	14.25
2003	NA	17.62	16.47
2004	404.19	15.23	14.39
2005	404.19	15.63	14.49
2006	404.19	17.60	14.53
2007	NA	14.11	13.80

========================================
Kanton: AR
========================================
 	o3	pm10	no2
1990	NA	NA	16.81
1991	NA	NA	17.36
1992	331.68	NA	15.84
1993	331.68	NA	14.37
1994	331.68	NA	13.15
1995	NA	NA	12.74
1996	NA	NA	14.81
1997	NA	NA	13.12
1998	392.12	17.50	12.22
1999	392.12	16.63	12.43
2000	392.12	13.93	11.36
2001	NA	12.67	11.17
2002	NA	17.16	11.36
2003	NA	17.64	12.43
2004	419.19	15.56	11.36
2005	419.19	16.00	11.57
2006	419.19	17.50	12.43
2007	NA	12.89	11.36

========================================
Kanton: AI
========================================
 	o3	pm10	no2
1990	NA	NA	14.62
1991	NA	NA	14.62
1992	402.52	NA	12.50
1993	402.52	NA	12.50
1994	402.52	NA	12.50
1995	NA	NA	12.50
1996	NA	NA	12.50
1997	NA	NA	12.50
1998	550.00	17.50	9.62
1999	550.00	15.89	9.62
2000	550.00	12.50	9.62
2001	NA	12.50	9.62
2002	NA	15.89	9.62
2003	NA	17.50	9.62
2004	450.00	14.62	9.62
2005	450.00	14.62	9.62
2006	450.00	17.50	9.62
2007	NA	12.50	9.62

========================================
Kanton: SG
========================================
 	o3	pm10	no2
1990	NA	NA	25.22
1991	NA	NA	27.72
1992	258.04	NA	22.58
1993	258.04	NA	20.78
1994	258.04	NA	19.43
1995	NA	NA	18.66
1996	NA	NA	20.43
1997	NA	NA	18.87
1998	348.85	19.49	18.35
1999	348.85	17.06	18.17
2000	348.85	16.57	17.45
2001	NA	16.27	16.46
2002	NA	18.09	16.56
2003	NA	20.74	17.95
2004	307.20	16.54	16.26
2005	307.20	16.84	16.91
2006	307.20	19.20	17.74
2007	NA	16.31	16.57

========================================
Kanton: GR
========================================
 	o3	pm10	no2
1990	NA	NA	8.05
1991	NA	NA	8.02
1992	269.47	NA	7.94
1993	269.47	NA	7.58
1994	269.47	NA	7.43
1995	NA	NA	7.01
1996	NA	NA	7.28
1997	NA	NA	5.91
1998	289.57	10.91	5.89
1999	289.57	10.48	5.87
2000	289.57	10.29	5.83
2001	NA	10.38	5.54
2002	NA	10.32	5.52
2003	NA	11.42	5.89
2004	160.66	9.88	5.56
2005	160.66	10.14	5.86
2006	160.66	11.05	6.82
2007	NA	9.59	6.62

========================================
Kanton: AG
========================================
 	o3	pm10	no2
1990	NA	NA	25.62
1991	NA	NA	26.70
1992	304.08	NA	24.80
1993	304.08	NA	24.79
1994	304.08	NA	25.04
1995	NA	NA	24.61
1996	NA	NA	25.28
1997	NA	NA	24.60
1998	286.14	23.70	23.57
1999	286.14	21.53	23.70
2000	286.14	19.77	21.92
2001	NA	19.86	19.65
2002	NA	21.53	20.48
2003	NA	26.12	22.83
2004	329.34	20.80	19.65
2005	329.34	21.87	19.56
2006	329.34	23.80	20.81
2007	NA	19.51	18.96

========================================
Kanton: TG
========================================
 	o3	pm10	no2
1990	NA	NA	23.51
1991	NA	NA	25.91
1992	329.02	NA	21.53
1993	329.02	NA	19.62
1994	329.02	NA	19.25
1995	NA	NA	18.32
1996	NA	NA	19.46
1997	NA	NA	19.29
1998	346.56	18.77	17.79
1999	346.56	17.55	17.81
2000	346.56	17.35	16.48
2001	NA	17.37	15.06
2002	NA	17.55	14.89
2003	NA	21.22	17.40
2004	309.58	17.37	14.93
2005	309.58	17.50	15.54
2006	309.58	19.38	17.10
2007	NA	17.14	15.23

========================================
Kanton: VD
========================================
 	o3	pm10	no2
1990	NA	NA	19.08
1991	NA	NA	20.59
1992	296.92	NA	18.09
1993	296.92	NA	17.07
1994	296.92	NA	16.18
1995	NA	NA	16.06
1996	NA	NA	16.40
1997	NA	NA	15.75
1998	362.45	18.23	15.39
1999	362.45	17.42	14.86
2000	362.45	16.88	14.63
2001	NA	17.00	14.21
2002	NA	17.36	14.60
2003	NA	19.34	14.96
2004	264.29	17.22	13.94
2005	264.29	17.27	14.75
2006	264.29	18.45	14.68
2007	NA	14.84	13.57

========================================
Kanton: VS
========================================
 	o3	pm10	no2
1990	NA	NA	12.51
1991	NA	NA	13.69
1992	316.09	NA	10.42
1993	316.09	NA	9.94
1994	316.09	NA	9.76
1995	NA	NA	9.88
1996	NA	NA	10.33
1997	NA	NA	10.35
1998	249.13	12.61	10.65
1999	249.13	12.92	9.75
2000	249.13	13.10	9.67
2001	NA	13.72	9.63
2002	NA	13.26	9.31
2003	NA	14.71	9.47
2004	173.36	13.73	9.64
2005	173.36	14.10	10.34
2006	173.36	14.46	10.31
2007	NA	12.01	9.44

========================================
Kanton: NE
========================================
 	o3	pm10	no2
1990	NA	NA	18.88
1991	NA	NA	19.11
1992	299.00	NA	18.19
1993	299.00	NA	16.60
1994	299.00	NA	14.25
1995	NA	NA	15.33
1996	NA	NA	17.18
1997	NA	NA	15.16
1998	345.18	14.53	14.87
1999	345.18	14.46	14.96
2000	345.18	14.15	14.70
2001	NA	14.22	13.05
2002	NA	14.46	14.57
2003	NA	17.94	15.18
2004	402.32	14.43	13.24
2005	402.32	14.34	13.75
2006	402.32	14.53	13.86
2007	NA	14.00	12.14

========================================
Kanton: GE
========================================
 	o3	pm10	no2
1990	NA	NA	33.42
1991	NA	NA	33.47
1992	387.00	NA	30.68
1993	387.00	NA	32.67
1994	387.00	NA	31.81
1995	NA	NA	26.54
1996	NA	NA	26.93
1997	NA	NA	26.99
1998	175.18	27.07	25.43
1999	175.18	20.12	28.51
2000	175.18	20.12	26.45
2001	NA	20.12	24.40
2002	NA	19.59	25.79
2003	NA	26.49	29.81
2004	167.90	20.12	25.23
2005	167.90	20.12	25.63
2006	167.90	25.97	26.77
2007	NA	20.12	24.98

========================================
Kanton: JU
========================================
 	o3	pm10	no2
1990	NA	NA	18.54
1991	NA	NA	18.00
1992	356.45	NA	16.19
1993	356.45	NA	14.74
1994	356.45	NA	13.69
1995	NA	NA	13.69
1996	NA	NA	15.77
1997	NA	NA	15.40
1998	299.49	16.33	13.30
1999	299.49	14.99	12.67
2000	299.49	13.72	12.38
2001	NA	13.85	12.16
2002	NA	14.99	12.22
2003	NA	18.03	12.53
2004	281.20	14.84	12.29
2005	281.20	14.84	12.22
2006	281.20	16.39	12.22
2007	NA	13.50	10.83
