41
63
68
69
93
98
99
119
136
181
194
197
213
219
304
308
321
322
323
325
326
328
329
330
331
332
333
334
335
336
337
338
339
340
341
342
344
345
358
361
383
384
389
394
404
408
409
410
411
412
413
415
416
417
418
419
420
421
422
423
434
435
439
440
443
492
493
499
532
535
536
540
541
542
543
545
546
547
548
550
551
553
555
556
557
573
581
586
587
592
593
606
607
608
609
610
611
614
615
617
622
624
628
629
661
662
663
664
665
671
682
683
684
687
696
697
699
700
703
707
708
709
715
722
734
735
736
737
740
741
742
747
748
750
751
754
764
765
782
783
786
862
863
865
868
869
871
872
873
874
875
876
878
881
885
906
909
922
932
935
936
937
940
946
947
953
954
960
971
972
974
975
976
978
981
983
985
987
989
990
992
995
996
1001
1002
1003
1004
1005
1006
1007
1008
1009
1021
1022
1023
1024
1025
1026
1030
1031
1032
1033
1037
1039
1040
1041
1051
1052
1053
1054
1055
1056
1057
1058
1059
1061
1062
1063
1064
1065
1066
1067
1068
1069
1081
1082
1083
1084
1085
1086
1088
1089
1091
1092
1093
1094
1095
1096
1097
1098
1099
1100
1102
1103
1104
1107
1121
1122
1123
1125
1126
1127
1128
1129
1130
1131
1132
1135
1136
1137
1138
1139
1140
1142
1143
1145
1146
1147
1150
1151
1201
1202
1203
1204
1205
1206
1207
1208
1209
1210
1211
1212
1213
1214
1215
1216
1217
1219
1220
1311
1323
1331
1342
1345
1362
1363
1364
1365
1366
1367
1368
1369
1370
1371
1372
1373
1374
1401
1402
1403
1404
1405
1406
1407
1501
1502
1503
1504
1505
1506
1507
1508
1509
1510
1511
1625
1628
1629
1701
1702
1703
1704
1705
1706
1707
1708
1709
1710
1711
2004
2008
2015
2017
2024
2025
2033
2038
2040
2043
2045
2061
2066
2072
2079
2089
2096
2097
2111
2112
2128
2130
2134
2159
2172
2175
2179
2183
2194
2196
2198
2200
2206
2216
2217
2220
2225
2230
2235
2243
2244
2260
2261
2266
2270
2271
2275
2283
2292
2296
2298
2299
2302
2305
2306
2310
2333
2401
2402
2403
2404
2405
2406
2407
2408
2421
2422
2423
2424
2425
2426
2427
2428
2429
2441
2442
2444
2445
2446
2449
2450
2452
2453
2454
2455
2456
2458
2459
2462
2463
2471
2491
2492
2493
2495
2497
2498
2499
2500
2501
2502
2503
2511
2513
2514
2516
2517
2518
2519
2520
2521
2522
2523
2524
2525
2526
2527
2528
2529
2530
2531
2532
2534
2541
2542
2544
2545
2547
2548
2549
2550
2551
2552
2553
2554
2555
2571
2572
2573
2574
2575
2576
2578
2579
2580
2581
2582
2583
2584
2585
2586
2601
2622
2761
2773
2831
2832
2841
2842
2843
2844
2845
2846
2847
2848
2849
2850
2851
2852
2853
2854
2855
2856
2857
2858
2859
2860
2861
2862
2863
2864
2865
2866
2867
2868
2869
2884
2885
2886
2887
2888
2890
2891
2892
2895
2914
2937
3003
3006
3031
3037
3038
3101
3103
3105
3202
3233
3251
3256
3271
3291
3316
3339
3374
3393
3505
3506
3512
3513
3533
3540
3571
3574
3575
3578
3579
3583
3584
3586
3587
3593
3598
3599
3603
3613
3614
3635
3636
3651
3652
3668
3703
3705
3707
3708
3711
3721
3722
3731
3732
3733
3734
3742
3801
3803
3804
3805
3806
3808
3810
3811
3821
3822
3823
3831
3832
3833
3834
3835
3836
3882
3901
3911
3921
3922
3923
3924
3925
3926
3927
3929
3931
3932
3941
3943
3953
3971
3973
3984
4001
4002
4003
4004
4005
4006
4007
4008
4009
4010
4012
4013
4021
4022
4024
4026
4027
4028
4029
4031
4032
4033
4034
4035
4037
4038
4039
4041
4042
4044
4045
4046
4047
4049
4061
4062
4063
4064
4065
4066
4067
4068
4069
4072
4076
4077
4078
4080
4082
4083
4084
4091
4092
4093
4094
4095
4096
4097
4098
4099
4100
4103
4104
4105
4106
4107
4108
4109
4110
4111
4112
4113
4114
4115
4117
4119
4120
4121
4122
4123
4131
4132
4133
4134
4135
4136
4137
4138
4139
4140
4141
4142
4143
4144
4145
4146
4147
4161
4163
4164
4165
4166
4167
4169
4170
4173
4175
4176
4179
4181
4182
4183
4184
4191
4192
4193
4194
4195
4196
4197
4198
4199
4200
4201
4202
4203
4204
4205
4206
4207
4208
4209
4210
4221
4222
4223
4224
4225
4226
4227
4228
4229
4230
4231
4232
4233
4234
4235
4236
4237
4239
4240
4257
4271
4272
4273
4274
4275
4276
4277
4279
4280
4281
4282
4283
4284
4285
4286
4287
4288
4289
4301
4302
4303
4304
4305
4306
4307
4308
4309
4310
4311
4312
4313
4314
4315
4316
4317
4318
4319
4320
4321
4322
4323
4401
4416
4446
4476
4566
4591
4651
4681
4696
4701
4724
4806
4846
4881
4901
4946
5001
5002
5003
5004
5005
5006
5007
5008
5009
5010
5012
5013
5014
5015
5017
5018
5019
5040
5041
5046
5048
5049
5061
5062
5063
5064
5066
5067
5068
5070
5071
5072
5073
5074
5075
5076
5077
5078
5079
5081
5091
5095
5096
5097
5099
5102
5105
5108
5109
5112
5113
5115
5117
5118
5119
5120
5121
5125
5129
5130
5131
5132
5133
5135
5136
5137
5138
5141
5143
5144
5146
5148
5149
5151
5154
5155
5160
5161
5162
5163
5167
5169
5170
5171
5173
5174
5176
5178
5180
5181
5186
5187
5189
5192
5193
5194
5195
5196
5197
5198
5199
5200
5202
5203
5205
5206
5207
5208
5210
5212
5213
5214
5216
5219
5221
5222
5224
5225
5226
5227
5229
5230
5231
5233
5236
5237
5238
5242
5243
5249
5250
5251
5253
5254
5255
5257
5260
5263
5266
5268
5269
5281
5282
5283
5284
5285
5286
5304
5307
5309
5310
5315
5317
5323
5324
5397
5398
5405
5413
5428
5429
5430
5432
5433
5434
5452
5453
5455
5458
5459
5460
5461
5462
5471
5475
5477
5479
5481
5485
5486
5488
5490
5491
5499
5511
5513
5514
5515
5516
5517
5518
5524
5525
5528
5532
5533
5535
5537
5538
5553
5554
5555
5557
5560
5562
5563
5564
5566
5567
5569
5570
5582
5585
5589
5592
5601
5602
5603
5605
5608
5609
5610
5628
5630
5632
5633
5641
5647
5653
5661
5662
5664
5666
5667
5668
5670
5671
5672
5673
5674
5676
5677
5678
5679
5681
5682
5683
5684
5685
5686
5687
5688
5689
5690
5691
5701
5704
5705
5706
5707
5708
5710
5722
5723
5728
5729
5731
5732
5741
5758
5762
5781
5783
5784
5786
5787
5793
5794
5795
5796
5800
5801
5802
5814
5815
5818
5819
5820
5821
5824
5826
5829
5852
5854
5855
5858
5861
5862
5863
5890
5891
5902
5903
5904
5907
5908
5909
5911
5912
5916
5918
5921
5927
5931
5932
5934
5935
5936
5937
5938
6001
6006
6009
6011
6035
6055
6057
6058
6061
6064
6073
6081
6085
6086
6088
6105
6109
6111
6112
6114
6115
6116
6118
6131
6134
6136
6172
6178
6197
6198
6199
6203
6213
6216
6217
6219
6220
6241
6243
6246
6249
6267
6282
6293
6405
6409
6411
6413
6422
6423
6436
6455
6456
6473
6476
6477
6478
6479
6482
6483
6604
6608
6609
6613
6615
6617
6624
6628
6631
6636
6638
6642
6644
6708
6713
6715
6719
6724
6728
6743
6744
6784
6787
6793
