GDENR
1
2
3
4
5
5PLZ4
6
7
8
9
10
11
12
13
14
21
22
23
24
25
26
27
28
29
30
31
32
33
34
35
36
37
38
39
40
42
43
44
51
52
53
54
55
56
57
58
59
60
61
62
64
65
66
67
70
71
72
81
82
83
84
85
86
87
88
89
90
91
92
94
95
96
97
100
101
102
111
112
113
114
115
116
117
118
120
121
131
132
133
134
135
137
138
139
140
141
142
151
152
153
154
155
156
157
158
159
160
161
171
172
173
174
175
176
177
178
179
180
182
191
192
193
195
196
198
199
200
211
212
214
215
216
217
218
220
221
222
223
224
225
226
227
228
229
230
231
235
241
242
243
244
245
246
247
248
249
250
251
261
301
302
303
305
306
307
309
310
311
312
324
351
352
353
354
355
356
357
359
360
362
363
371
372
381
382
385
386
387
388
390
391
392
393
401
402
403
405
406
407
414
424
431
432
433
436
437
438
441
442
444
445
446
447
448
491
494
495
496
497
498
500
501
502
533
534
537
538
539
544
549
552
554
561
562
563
564
565
566
567
571
572
574
575
576
577
578
579
580
582
584
585
588
589
590
591
594
602
603
604
605
612
613
616
619
620
623
625
626
627
630
631
632
666
667
668
669
670
681
690
691
692
694
701
702
704
706
710
711
712
713
721
723
724
725
731
732
733
738
739
743
744
745
746
749
755
756
761
762
763
766
767
768
769
781
784
785
791
792
793
794
841
842
843
851
852
853
854
861
866
867
870
877
879
880
883
884
886
888
901
902
903
904
905
907
908
921
923
924
925
927
928
929
930
931
934
938
939
941
942
943
944
945
948
951
952
955
956
957
958
959
973
977
979
980
982
988
991
993
1218
1301
1321
1322
1341
1343
1344
1346
1347
1348
1349
1361
1375
1601
1602
1603
1605
1606
1607
1608
1609
1610
1612
1613
1614
1615
1616
1617
1618
1619
1620
1621
1622
1623
1624
1626
1627
2005
2009
2010
2011
2013
2014
2016
2022
2027
2029
2034
2035
2039
2041
2044
2047
2049
2050
2051
2052
2063
2067
2068
2086
2087
2099
2102
2113
2114
2115
2116
2121
2122
2123
2124
2125
2126
2127
2129
2131
2135
2137
2138
2140
2143
2145
2147
2148
2149
2152
2153
2155
2160
2162
2171
2173
2174
2177
2184
2185
2186
2189
2192
2197
2208
2211
2213
2221
2222
2223
2226
2228
2231
2233
2234
2250
2251
2254
2257
2258
2259
2262
2264
2265
2272
2274
2276
2277
2278
2279
2280
2281
2291
2293
2294
2295
2300
2301
2303
2304
2307
2308
2309
2321
2323
2325
2328
2335
2336
2337
2338
2457
2461
2472
2473
2474
2475
2476
2477
2478
2479
2480
2481
2543
2546
2556
2611
2612
2613
2614
2615
2616
2617
2618
2619
2620
2621
2701
2702
2703
2762
2763
2764
2765
2766
2767
2768
2769
2770
2771
2772
2774
2775
2781
2782
2783
2784
2785
2786
2787
2788
2789
2790
2791
2792
2793
2821
2822
2823
2824
2825
2826
2827
2828
2829
2830
2833
2834
2881
2882
2883
2889
2893
2894
2901
2902
2903
2904
2915
2917
2919
2920
2931
2932
2933
2936
2938
2939
2951
2952
2953
2961
2962
2963
2964
2971
2972
2973
2974
3001
3002
3004
3005
3007
3021
3022
3023
3024
3025
3032
3033
3034
3035
3036
3102
3104
3111
3201
3203
3204
3211
3212
3213
3214
3215
3216
3217
3218
3219
3231
3232
3234
3235
3236
3237
3238
3252
3253
3254
3255
3272
3273
3274
3275
3276
3292
3293
3294
3295
3296
3297
3298
3311
3312
3313
3314
3315
3331
3332
3333
3334
3337
3338
3340
3352
3356
3358
3359
3372
3373
3375
3377
3378
3391
3392
3394
3401
3402
3403
3405
3407
3408
3421
3422
3423
3424
3425
3426
3441
3442
3443
3444
3501
3502
3503
3504
3511
3514
3515
3521
3522
3531
3532
3534
3536
3538
3539
3541
3551
3561
3572
3576
3577
3580
3581
3582
3592
3594
3595
3596
3604
3605
3606
3611
3612
3615
3616
3617
3631
3633
3634
3637
3638
3640
3661
3662
3663
3669
3670
3671
3681
3691
3693
3694
3695
3701
3712
3713
3723
3741
3743
3744
3745
3746
3751
3752
3753
3761
3762
3763
3781
3782
3783
3784
3785
3786
3787
3788
3789
3790
3791
3792
3847
3851
3861
3862
3863
3871
3881
3883
3891
3893
3942
3945
3946
3947
3951
3952
3954
3955
3961
3962
3972
3981
3982
3983
3985
3986
3987
4023
4030
4040
4048
4071
4073
4074
4075
4079
4081
4172
4177
4238
4251
4252
4253
4254
4255
4256
4258
4259
4260
4261
4262
4263
4264
4406
4411
4421
4426
4431
4436
4441
4451
4461
4471
4486
4495
4501
4506
4511
4536
4545
4546
4551
4561
4571
4590
4601
4606
4611
4616
4621
4641
4643
4646
4656
4666
4671
4683
4691
4711
4716
4721
4723
4726
4741
4746
4751
4756
4761
4776
4781
4786
4791
4801
4811
4816
4821
4826
4831
4841
4851
4864
4871
4891
4911
4921
4941
4951
5401
5402
5403
5404
5406
5407
5408
5409
5410
5411
5412
5414
5415
5421
5422
5423
5424
5425
5426
5427
5431
5435
5436
5437
5451
5456
5463
5472
5473
5474
5476
5478
5480
5482
5483
5484
5487
5489
5492
5493
5494
5495
5496
5497
5498
5500
5501
5503
5512
5519
5520
5521
5522
5523
5527
5529
5530
5531
5534
5536
5539
5551
5552
5556
5558
5559
5561
5565
5568
5581
5583
5584
5586
5587
5588
5590
5591
5604
5606
5607
5611
5613
5621
5622
5623
5624
5625
5627
5629
5631
5634
5635
5636
5637
5638
5639
5640
5642
5643
5644
5645
5646
5648
5649
5650
5651
5652
5654
5655
5663
5665
5669
5675
5680
5692
5702
5703
5709
5711
5712
5713
5714
5715
5716
5717
5718
5719
5720
5721
5724
5725
5726
5727
5730
5742
5743
5744
5745
5746
5747
5748
5749
5750
5751
5752
5754
5755
5756
5757
5759
5760
5761
5763
5764
5765
5766
5782
5785
5788
5789
5790
5791
5792
5798
5799
5803
5804
5805
5812
5813
5816
5817
5822
5827
5828
5830
5831
5841
5842
5843
5851
5853
5856
5857
5859
5860
5871
5872
5873
5881
5882
5883
5884
5885
5886
5888
5889
5905
5906
5910
5913
5914
5915
5919
5922
5923
5924
5925
5926
5928
5929
5930
5933
5939
6002
6004
6007
6008
6010
6021
6022
6023
6024
6025
6031
6032
6033
6034
6036
6052
6054
6056
6074
6075
6076
6082
6083
6084
6087
6089
6090
6102
6104
6110
6113
6117
6132
6133
6135
6137
6139
6140
6141
6142
6151
6152
6153
6154
6155
6156
6157
6158
6159
6171
6173
6177
6181
6191
6192
6193
6194
6195
6201
6202
6204
6211
6212
6214
6215
6218
6232
6234
6235
6238
6239
6240
6242
6244
6248
6250
6252
6261
6263
6264
6265
6266
6281
6283
6285
6286
6287
6288
6289
6290
6291
6292
6294
6295
6296
6297
6298
6299
6300
6401
6402
6403
6404
6406
6407
6408
6410
6412
6414
6415
6421
6431
6432
6433
6434
6435
6437
6451
6452
6453
6454
6458
6459
6461
6471
6472
6474
6475
6480
6481
6484
6485
6486
6504
6511
6512
6601
6602
6603
6605
6606
6607
6610
6611
6612
6614
6616
6618
6619
6620
6621
6622
6623
6625
6626
6627
6629
6630
6632
6633
6634
6635
6637
6639
6640
6641
6643
6645
6701
6702
6703
6704
6705
6706
6707
6709
6710
6711
6712
6714
6716
6717
6718
6720
6721
6722
6723
6725
6726
6727
6741
6742
6745
6748
6750
6751
6753
6754
6757
6758
6759
6771
6773
6774
6775
6776
6778
6781
6782
6783
6785
6789
6790
6792
6800
6803
6806
6807
6808
6809
6810
